
=== Phase 1: Direct search (D-count 0-2) ===
Direct search: 648 Cliffords, eps=0.0001
  k=0: best=0.908776
  k=1: best=0.0621154
  k=2: 839808 × 1296 = 1088391168
